(kicad_pcb (version 20171130) (host pcbnew 5.1.6-c6e7f7d~87~ubuntu18.04.1)

  (general
    (thickness 1.6)
    (drawings 5)
    (tracks 239)
    (zones 0)
    (modules 29)
    (nets 31)
  )

  (page A4)
  (layers
    (0 F.Cu signal)
    (31 B.Cu signal)
    (32 B.Adhes user)
    (33 F.Adhes user)
    (34 B.Paste user)
    (35 F.Paste user)
    (36 B.SilkS user)
    (37 F.SilkS user)
    (38 B.Mask user)
    (39 F.Mask user)
    (40 Dwgs.User user)
    (41 Cmts.User user)
    (42 Eco1.User user)
    (43 Eco2.User user)
    (44 Edge.Cuts user)
    (45 Margin user)
    (46 B.CrtYd user)
    (47 F.CrtYd user)
    (48 B.Fab user hide)
    (49 F.Fab user hide)
  )

  (setup
    (last_trace_width 0.2)
    (user_trace_width 0.5)
    (user_trace_width 1)
    (user_trace_width 2)
    (trace_clearance 0.2)
    (zone_clearance 0.508)
    (zone_45_only no)
    (trace_min 0.2)
    (via_size 0.6)
    (via_drill 0.3)
    (via_min_size 0.6)
    (via_min_drill 0.3)
    (uvia_size 0.3)
    (uvia_drill 0.1)
    (uvias_allowed no)
    (uvia_min_size 0.2)
    (uvia_min_drill 0.1)
    (edge_width 0.05)
    (segment_width 0.2)
    (pcb_text_width 0.3)
    (pcb_text_size 1.5 1.5)
    (mod_edge_width 0.12)
    (mod_text_size 1 1)
    (mod_text_width 0.15)
    (pad_size 1.524 1.524)
    (pad_drill 0.762)
    (pad_to_mask_clearance 0.05)
    (aux_axis_origin 0 0)
    (visible_elements FFFFFF7F)
    (pcbplotparams
      (layerselection 0x010f0_ffffffff)
      (usegerberextensions false)
      (usegerberattributes true)
      (usegerberadvancedattributes true)
      (creategerberjobfile true)
      (excludeedgelayer true)
      (linewidth 0.100000)
      (plotframeref false)
      (viasonmask false)
      (mode 1)
      (useauxorigin false)
      (hpglpennumber 1)
      (hpglpenspeed 20)
      (hpglpendiameter 15.000000)
      (psnegative false)
      (psa4output false)
      (plotreference true)
      (plotvalue true)
      (plotinvisibletext false)
      (padsonsilk false)
      (subtractmaskfromsilk false)
      (outputformat 1)
      (mirror false)
      (drillshape 0)
      (scaleselection 1)
      (outputdirectory "gerber/"))
  )

  (net 0 "")
  (net 1 +3V3)
  (net 2 GND)
  (net 3 /PD0)
  (net 4 /PD1)
  (net 5 /PD2)
  (net 6 /PD3)
  (net 7 GPIO0)
  (net 8 GPIO1)
  (net 9 GPIO2)
  (net 10 GPIO3)
  (net 11 GPIO4)
  (net 12 GPIO5)
  (net 13 GPIO6)
  (net 14 "Net-(J3-Pad1)")
  (net 15 "Net-(J3-Pad2)")
  (net 16 "Net-(J3-Pad3)")
  (net 17 "Net-(J3-Pad4)")
  (net 18 "Net-(J3-Pad5)")
  (net 19 "Net-(J3-Pad6)")
  (net 20 "Net-(R1-Pad1)")
  (net 21 "Net-(R2-Pad1)")
  (net 22 "Net-(R3-Pad1)")
  (net 23 "Net-(R4-Pad1)")
  (net 24 "Net-(R5-Pad1)")
  (net 25 "Net-(R6-Pad1)")
  (net 26 "Net-(R7-Pad1)")
  (net 27 "Net-(RV1-Pad2)")
  (net 28 "Net-(RV2-Pad2)")
  (net 29 "Net-(RV3-Pad2)")
  (net 30 "Net-(RV4-Pad2)")

  (net_class Default "This is the default net class."
    (clearance 0.2)
    (trace_width 0.2)
    (via_dia 0.6)
    (via_drill 0.3)
    (uvia_dia 0.3)
    (uvia_drill 0.1)
    (add_net +3V3)
    (add_net /PD0)
    (add_net /PD1)
    (add_net /PD2)
    (add_net /PD3)
    (add_net GND)
    (add_net GPIO0)
    (add_net GPIO1)
    (add_net GPIO2)
    (add_net GPIO3)
    (add_net GPIO4)
    (add_net GPIO5)
    (add_net GPIO6)
    (add_net "Net-(J3-Pad1)")
    (add_net "Net-(J3-Pad2)")
    (add_net "Net-(J3-Pad3)")
    (add_net "Net-(J3-Pad4)")
    (add_net "Net-(J3-Pad5)")
    (add_net "Net-(J3-Pad6)")
    (add_net "Net-(R1-Pad1)")
    (add_net "Net-(R2-Pad1)")
    (add_net "Net-(R3-Pad1)")
    (add_net "Net-(R4-Pad1)")
    (add_net "Net-(R5-Pad1)")
    (add_net "Net-(R6-Pad1)")
    (add_net "Net-(R7-Pad1)")
    (add_net "Net-(RV1-Pad2)")
    (add_net "Net-(RV2-Pad2)")
    (add_net "Net-(RV3-Pad2)")
    (add_net "Net-(RV4-Pad2)")
  )

  (module Capacitor_SMD:C_0603_1608Metric_Pad1.05x0.95mm_HandSolder (layer F.Cu) (tedit 5B301BBE) (tstamp 6222EDC1)
    (at 140.5 66.1 180)
    (descr "Capacitor SMD 0603 (1608 Metric), square (rectangular) end terminal, IPC_7351 nominal with elongated pad for handsoldering. (Body size source: http://www.tortai-tech.com/upload/download/2011102023233369053.pdf), generated with kicad-footprint-generator")
    (tags "capacitor handsolder")
    (path /62345241)
    (attr smd)
    (fp_text reference C1 (at -2.5 0.1) (layer F.SilkS)
      (effects (font (size 1 1) (thickness 0.15)))
    )
    (fp_text value 100n (at 0 1.43) (layer F.Fab)
      (effects (font (size 1 1) (thickness 0.15)))
    )
    (fp_line (start 1.65 0.73) (end -1.65 0.73) (layer F.CrtYd) (width 0.05))
    (fp_line (start 1.65 -0.73) (end 1.65 0.73) (layer F.CrtYd) (width 0.05))
    (fp_line (start -1.65 -0.73) (end 1.65 -0.73) (layer F.CrtYd) (width 0.05))
    (fp_line (start -1.65 0.73) (end -1.65 -0.73) (layer F.CrtYd) (width 0.05))
    (fp_line (start -0.171267 0.51) (end 0.171267 0.51) (layer F.SilkS) (width 0.12))
    (fp_line (start -0.171267 -0.51) (end 0.171267 -0.51) (layer F.SilkS) (width 0.12))
    (fp_line (start 0.8 0.4) (end -0.8 0.4) (layer F.Fab) (width 0.1))
    (fp_line (start 0.8 -0.4) (end 0.8 0.4) (layer F.Fab) (width 0.1))
    (fp_line (start -0.8 -0.4) (end 0.8 -0.4) (layer F.Fab) (width 0.1))
    (fp_line (start -0.8 0.4) (end -0.8 -0.4) (layer F.Fab) (width 0.1))
    (fp_text user %R (at 0 0) (layer F.Fab)
      (effects (font (size 0.4 0.4) (thickness 0.06)))
    )
    (pad 1 smd roundrect (at -0.875 0 180) (size 1.05 0.95) (layers F.Cu F.Paste F.Mask) (roundrect_rratio 0.25)
      (net 1 +3V3))
    (pad 2 smd roundrect (at 0.875 0 180) (size 1.05 0.95) (layers F.Cu F.Paste F.Mask) (roundrect_rratio 0.25)
      (net 2 GND))
    (model ${KISYS3DMOD}/Capacitor_SMD.3dshapes/C_0603_1608Metric.wrl
      (at (xyz 0 0 0))
      (scale (xyz 1 1 1))
      (rotate (xyz 0 0 0))
    )
  )

  (module Capacitor_SMD:C_0603_1608Metric_Pad1.05x0.95mm_HandSolder (layer F.Cu) (tedit 5B301BBE) (tstamp 62230BB8)
    (at 140.5 52.1 180)
    (descr "Capacitor SMD 0603 (1608 Metric), square (rectangular) end terminal, IPC_7351 nominal with elongated pad for handsoldering. (Body size source: http://www.tortai-tech.com/upload/download/2011102023233369053.pdf), generated with kicad-footprint-generator")
    (tags "capacitor handsolder")
    (path /62522956)
    (attr smd)
    (fp_text reference C2 (at -2.5 0.1) (layer F.SilkS)
      (effects (font (size 1 1) (thickness 0.15)))
    )
    (fp_text value 100n (at 0 1.43) (layer F.Fab)
      (effects (font (size 1 1) (thickness 0.15)))
    )
    (fp_text user %R (at 0 0) (layer F.Fab)
      (effects (font (size 0.4 0.4) (thickness 0.06)))
    )
    (fp_line (start -0.8 0.4) (end -0.8 -0.4) (layer F.Fab) (width 0.1))
    (fp_line (start -0.8 -0.4) (end 0.8 -0.4) (layer F.Fab) (width 0.1))
    (fp_line (start 0.8 -0.4) (end 0.8 0.4) (layer F.Fab) (width 0.1))
    (fp_line (start 0.8 0.4) (end -0.8 0.4) (layer F.Fab) (width 0.1))
    (fp_line (start -0.171267 -0.51) (end 0.171267 -0.51) (layer F.SilkS) (width 0.12))
    (fp_line (start -0.171267 0.51) (end 0.171267 0.51) (layer F.SilkS) (width 0.12))
    (fp_line (start -1.65 0.73) (end -1.65 -0.73) (layer F.CrtYd) (width 0.05))
    (fp_line (start -1.65 -0.73) (end 1.65 -0.73) (layer F.CrtYd) (width 0.05))
    (fp_line (start 1.65 -0.73) (end 1.65 0.73) (layer F.CrtYd) (width 0.05))
    (fp_line (start 1.65 0.73) (end -1.65 0.73) (layer F.CrtYd) (width 0.05))
    (pad 2 smd roundrect (at 0.875 0 180) (size 1.05 0.95) (layers F.Cu F.Paste F.Mask) (roundrect_rratio 0.25)
      (net 2 GND))
    (pad 1 smd roundrect (at -0.875 0 180) (size 1.05 0.95) (layers F.Cu F.Paste F.Mask) (roundrect_rratio 0.25)
      (net 1 +3V3))
    (model ${KISYS3DMOD}/Capacitor_SMD.3dshapes/C_0603_1608Metric.wrl
      (at (xyz 0 0 0))
      (scale (xyz 1 1 1))
      (rotate (xyz 0 0 0))
    )
  )

  (module Capacitor_SMD:C_0603_1608Metric_Pad1.05x0.95mm_HandSolder (layer F.Cu) (tedit 5B301BBE) (tstamp 6222EDE3)
    (at 140.5 45.1 180)
    (descr "Capacitor SMD 0603 (1608 Metric), square (rectangular) end terminal, IPC_7351 nominal with elongated pad for handsoldering. (Body size source: http://www.tortai-tech.com/upload/download/2011102023233369053.pdf), generated with kicad-footprint-generator")
    (tags "capacitor handsolder")
    (path /625231B4)
    (attr smd)
    (fp_text reference C3 (at -2.5 0.1) (layer F.SilkS)
      (effects (font (size 1 1) (thickness 0.15)))
    )
    (fp_text value 100n (at 0 1.43) (layer F.Fab)
      (effects (font (size 1 1) (thickness 0.15)))
    )
    (fp_line (start 1.65 0.73) (end -1.65 0.73) (layer F.CrtYd) (width 0.05))
    (fp_line (start 1.65 -0.73) (end 1.65 0.73) (layer F.CrtYd) (width 0.05))
    (fp_line (start -1.65 -0.73) (end 1.65 -0.73) (layer F.CrtYd) (width 0.05))
    (fp_line (start -1.65 0.73) (end -1.65 -0.73) (layer F.CrtYd) (width 0.05))
    (fp_line (start -0.171267 0.51) (end 0.171267 0.51) (layer F.SilkS) (width 0.12))
    (fp_line (start -0.171267 -0.51) (end 0.171267 -0.51) (layer F.SilkS) (width 0.12))
    (fp_line (start 0.8 0.4) (end -0.8 0.4) (layer F.Fab) (width 0.1))
    (fp_line (start 0.8 -0.4) (end 0.8 0.4) (layer F.Fab) (width 0.1))
    (fp_line (start -0.8 -0.4) (end 0.8 -0.4) (layer F.Fab) (width 0.1))
    (fp_line (start -0.8 0.4) (end -0.8 -0.4) (layer F.Fab) (width 0.1))
    (fp_text user %R (at 0 0) (layer F.Fab)
      (effects (font (size 0.4 0.4) (thickness 0.06)))
    )
    (pad 1 smd roundrect (at -0.875 0 180) (size 1.05 0.95) (layers F.Cu F.Paste F.Mask) (roundrect_rratio 0.25)
      (net 1 +3V3))
    (pad 2 smd roundrect (at 0.875 0 180) (size 1.05 0.95) (layers F.Cu F.Paste F.Mask) (roundrect_rratio 0.25)
      (net 2 GND))
    (model ${KISYS3DMOD}/Capacitor_SMD.3dshapes/C_0603_1608Metric.wrl
      (at (xyz 0 0 0))
      (scale (xyz 1 1 1))
      (rotate (xyz 0 0 0))
    )
  )

  (module Capacitor_SMD:C_0603_1608Metric_Pad1.05x0.95mm_HandSolder (layer F.Cu) (tedit 5B301BBE) (tstamp 6222EDF4)
    (at 140.5 59.1 180)
    (descr "Capacitor SMD 0603 (1608 Metric), square (rectangular) end terminal, IPC_7351 nominal with elongated pad for handsoldering. (Body size source: http://www.tortai-tech.com/upload/download/2011102023233369053.pdf), generated with kicad-footprint-generator")
    (tags "capacitor handsolder")
    (path /6252397A)
    (attr smd)
    (fp_text reference C4 (at -2.5 0.1) (layer F.SilkS)
      (effects (font (size 1 1) (thickness 0.15)))
    )
    (fp_text value 100n (at 0 1.43) (layer F.Fab)
      (effects (font (size 1 1) (thickness 0.15)))
    )
    (fp_text user %R (at 0 0) (layer F.Fab)
      (effects (font (size 0.4 0.4) (thickness 0.06)))
    )
    (fp_line (start -0.8 0.4) (end -0.8 -0.4) (layer F.Fab) (width 0.1))
    (fp_line (start -0.8 -0.4) (end 0.8 -0.4) (layer F.Fab) (width 0.1))
    (fp_line (start 0.8 -0.4) (end 0.8 0.4) (layer F.Fab) (width 0.1))
    (fp_line (start 0.8 0.4) (end -0.8 0.4) (layer F.Fab) (width 0.1))
    (fp_line (start -0.171267 -0.51) (end 0.171267 -0.51) (layer F.SilkS) (width 0.12))
    (fp_line (start -0.171267 0.51) (end 0.171267 0.51) (layer F.SilkS) (width 0.12))
    (fp_line (start -1.65 0.73) (end -1.65 -0.73) (layer F.CrtYd) (width 0.05))
    (fp_line (start -1.65 -0.73) (end 1.65 -0.73) (layer F.CrtYd) (width 0.05))
    (fp_line (start 1.65 -0.73) (end 1.65 0.73) (layer F.CrtYd) (width 0.05))
    (fp_line (start 1.65 0.73) (end -1.65 0.73) (layer F.CrtYd) (width 0.05))
    (pad 2 smd roundrect (at 0.875 0 180) (size 1.05 0.95) (layers F.Cu F.Paste F.Mask) (roundrect_rratio 0.25)
      (net 2 GND))
    (pad 1 smd roundrect (at -0.875 0 180) (size 1.05 0.95) (layers F.Cu F.Paste F.Mask) (roundrect_rratio 0.25)
      (net 1 +3V3))
    (model ${KISYS3DMOD}/Capacitor_SMD.3dshapes/C_0603_1608Metric.wrl
      (at (xyz 0 0 0))
      (scale (xyz 1 1 1))
      (rotate (xyz 0 0 0))
    )
  )

  (module Connector_PinHeader_2.54mm:PinHeader_2x04_P2.54mm_Vertical (layer F.Cu) (tedit 59FED5CC) (tstamp 6222EE12)
    (at 126.4 54.6)
    (descr "Through hole straight pin header, 2x04, 2.54mm pitch, double rows")
    (tags "Through hole pin header THT 2x04 2.54mm double row")
    (path /6227E235)
    (fp_text reference J1 (at 1.27 -2.33) (layer F.SilkS)
      (effects (font (size 1 1) (thickness 0.15)))
    )
    (fp_text value Conn_02x04_Odd_Even (at 1.27 9.95) (layer F.Fab)
      (effects (font (size 1 1) (thickness 0.15)))
    )
    (fp_line (start 4.35 -1.8) (end -1.8 -1.8) (layer F.CrtYd) (width 0.05))
    (fp_line (start 4.35 9.4) (end 4.35 -1.8) (layer F.CrtYd) (width 0.05))
    (fp_line (start -1.8 9.4) (end 4.35 9.4) (layer F.CrtYd) (width 0.05))
    (fp_line (start -1.8 -1.8) (end -1.8 9.4) (layer F.CrtYd) (width 0.05))
    (fp_line (start -1.33 -1.33) (end 0 -1.33) (layer F.SilkS) (width 0.12))
    (fp_line (start -1.33 0) (end -1.33 -1.33) (layer F.SilkS) (width 0.12))
    (fp_line (start 1.27 -1.33) (end 3.87 -1.33) (layer F.SilkS) (width 0.12))
    (fp_line (start 1.27 1.27) (end 1.27 -1.33) (layer F.SilkS) (width 0.12))
    (fp_line (start -1.33 1.27) (end 1.27 1.27) (layer F.SilkS) (width 0.12))
    (fp_line (start 3.87 -1.33) (end 3.87 8.95) (layer F.SilkS) (width 0.12))
    (fp_line (start -1.33 1.27) (end -1.33 8.95) (layer F.SilkS) (width 0.12))
    (fp_line (start -1.33 8.95) (end 3.87 8.95) (layer F.SilkS) (width 0.12))
    (fp_line (start -1.27 0) (end 0 -1.27) (layer F.Fab) (width 0.1))
    (fp_line (start -1.27 8.89) (end -1.27 0) (layer F.Fab) (width 0.1))
    (fp_line (start 3.81 8.89) (end -1.27 8.89) (layer F.Fab) (width 0.1))
    (fp_line (start 3.81 -1.27) (end 3.81 8.89) (layer F.Fab) (width 0.1))
    (fp_line (start 0 -1.27) (end 3.81 -1.27) (layer F.Fab) (width 0.1))
    (fp_text user %R (at 1.27 3.81 90) (layer F.Fab)
      (effects (font (size 1 1) (thickness 0.15)))
    )
    (pad 1 thru_hole rect (at 0 0) (size 1.7 1.7) (drill 1) (layers *.Cu *.Mask)
      (net 2 GND))
    (pad 2 thru_hole oval (at 2.54 0) (size 1.7 1.7) (drill 1) (layers *.Cu *.Mask)
      (net 3 /PD0))
    (pad 3 thru_hole oval (at 0 2.54) (size 1.7 1.7) (drill 1) (layers *.Cu *.Mask)
      (net 2 GND))
    (pad 4 thru_hole oval (at 2.54 2.54) (size 1.7 1.7) (drill 1) (layers *.Cu *.Mask)
      (net 4 /PD1))
    (pad 5 thru_hole oval (at 0 5.08) (size 1.7 1.7) (drill 1) (layers *.Cu *.Mask)
      (net 2 GND))
    (pad 6 thru_hole oval (at 2.54 5.08) (size 1.7 1.7) (drill 1) (layers *.Cu *.Mask)
      (net 5 /PD2))
    (pad 7 thru_hole oval (at 0 7.62) (size 1.7 1.7) (drill 1) (layers *.Cu *.Mask)
      (net 2 GND))
    (pad 8 thru_hole oval (at 2.54 7.62) (size 1.7 1.7) (drill 1) (layers *.Cu *.Mask)
      (net 6 /PD3))
    (model ${KISYS3DMOD}/Connector_PinHeader_2.54mm.3dshapes/PinHeader_2x04_P2.54mm_Vertical.wrl
      (at (xyz 0 0 0))
      (scale (xyz 1 1 1))
      (rotate (xyz 0 0 0))
    )
  )

  (module con-harting-ml:con-harting-ml-ML10 (layer F.Cu) (tedit 54D7CBEF) (tstamp 6222EE7F)
    (at 157.7 38.3 180)
    (descr HARTING)
    (tags HARTING)
    (path /6222B60D)
    (attr virtual)
    (fp_text reference J2 (at 0.254 3.429) (layer F.SilkS)
      (effects (font (size 1.27 1.27) (thickness 0.0889)))
    )
    (fp_text value Conn_02x05_Odd_Even (at -5.3 -5.2) (layer F.SilkS) hide
      (effects (font (size 0.8 0.8) (thickness 0.1)))
    )
    (fp_line (start -5.715 4.445) (end -10.16 4.445) (layer F.SilkS) (width 0.1524))
    (fp_line (start -5.715 4.445) (end -5.715 4.318) (layer F.SilkS) (width 0.1524))
    (fp_line (start -4.445 4.318) (end -5.715 4.318) (layer F.SilkS) (width 0.1524))
    (fp_line (start -4.445 4.318) (end -4.445 4.445) (layer F.SilkS) (width 0.1524))
    (fp_line (start -2.032 4.445) (end -4.445 4.445) (layer F.SilkS) (width 0.1524))
    (fp_line (start 4.572 3.937) (end 3.048 3.937) (layer F.SilkS) (width 0.1524))
    (fp_line (start 4.572 3.429) (end 4.572 3.937) (layer F.SilkS) (width 0.1524))
    (fp_line (start 3.048 3.937) (end 2.54 3.937) (layer F.SilkS) (width 0.1524))
    (fp_line (start 3.048 3.429) (end 3.048 3.937) (layer F.SilkS) (width 0.1524))
    (fp_line (start -2.032 3.429) (end -2.032 4.445) (layer F.SilkS) (width 0.1524))
    (fp_line (start -9.144 3.429) (end -2.032 3.429) (layer F.SilkS) (width 0.0508))
    (fp_line (start -9.144 -3.429) (end -9.144 3.429) (layer F.SilkS) (width 0.0508))
    (fp_line (start 9.144 -3.429) (end -9.144 -3.429) (layer F.SilkS) (width 0.0508))
    (fp_line (start 9.144 3.429) (end 9.144 -3.429) (layer F.SilkS) (width 0.0508))
    (fp_line (start 4.572 3.429) (end 9.144 3.429) (layer F.SilkS) (width 0.0508))
    (fp_line (start 2.032 3.429) (end 2.032 4.445) (layer F.SilkS) (width 0.1524))
    (fp_line (start 3.048 3.429) (end 2.032 3.429) (layer F.SilkS) (width 0.0508))
    (fp_line (start 5.08 3.937) (end 4.572 3.937) (layer F.SilkS) (width 0.1524))
    (fp_line (start 5.08 3.937) (end 5.461 4.445) (layer F.SilkS) (width 0.1524))
    (fp_line (start 2.159 4.445) (end 2.54 3.937) (layer F.SilkS) (width 0.1524))
    (fp_line (start 4.572 3.175) (end 3.048 3.175) (layer F.SilkS) (width 0.1524))
    (fp_line (start 4.572 3.175) (end 4.572 3.429) (layer F.SilkS) (width 0.1524))
    (fp_line (start 3.048 3.175) (end 2.032 3.175) (layer F.SilkS) (width 0.1524))
    (fp_line (start 3.048 3.175) (end 3.048 3.429) (layer F.SilkS) (width 0.1524))
    (fp_line (start 2.032 4.445) (end -2.032 4.445) (layer F.SilkS) (width 0.1524))
    (fp_line (start 2.159 4.445) (end 2.032 4.445) (layer F.SilkS) (width 0.1524))
    (fp_line (start -7.62 -4.445) (end -0.635 -4.445) (layer F.SilkS) (width 0.1524))
    (fp_line (start -7.62 -4.699) (end -7.62 -4.445) (layer F.SilkS) (width 0.1524))
    (fp_line (start -8.89 -4.699) (end -8.89 -4.445) (layer F.SilkS) (width 0.1524))
    (fp_line (start -7.62 -4.699) (end -8.89 -4.699) (layer F.SilkS) (width 0.1524))
    (fp_line (start -0.635 -4.699) (end -0.635 -4.445) (layer F.SilkS) (width 0.1524))
    (fp_line (start 0.635 -4.445) (end 7.62 -4.445) (layer F.SilkS) (width 0.1524))
    (fp_line (start 0.635 -4.699) (end 0.635 -4.445) (layer F.SilkS) (width 0.1524))
    (fp_line (start 0.635 -4.699) (end -0.635 -4.699) (layer F.SilkS) (width 0.1524))
    (fp_line (start 8.89 -4.445) (end 10.16 -4.445) (layer F.SilkS) (width 0.1524))
    (fp_line (start 7.62 -4.445) (end 7.62 -4.699) (layer F.SilkS) (width 0.1524))
    (fp_line (start 8.89 -4.699) (end 7.62 -4.699) (layer F.SilkS) (width 0.1524))
    (fp_line (start 8.89 -4.445) (end 8.89 -4.699) (layer F.SilkS) (width 0.1524))
    (fp_line (start 2.032 3.175) (end 2.032 3.429) (layer F.SilkS) (width 0.1524))
    (fp_line (start 2.032 2.413) (end 2.032 3.175) (layer F.SilkS) (width 0.1524))
    (fp_line (start -2.032 3.175) (end -2.032 3.429) (layer F.SilkS) (width 0.1524))
    (fp_line (start -2.032 3.175) (end -8.89 3.175) (layer F.SilkS) (width 0.1524))
    (fp_line (start -2.032 3.175) (end -2.032 2.413) (layer F.SilkS) (width 0.1524))
    (fp_line (start 2.032 2.413) (end -2.032 2.413) (layer F.SilkS) (width 0.1524))
    (fp_line (start 8.89 3.175) (end 4.572 3.175) (layer F.SilkS) (width 0.1524))
    (fp_line (start -10.16 -4.445) (end -10.16 4.445) (layer F.SilkS) (width 0.1524))
    (fp_line (start 10.16 4.445) (end 10.16 -4.445) (layer F.SilkS) (width 0.1524))
    (fp_line (start 10.16 4.445) (end 5.461 4.445) (layer F.SilkS) (width 0.1524))
    (fp_line (start -10.16 -4.445) (end -8.89 -4.445) (layer F.SilkS) (width 0.1524))
    (fp_line (start -8.89 -3.175) (end -8.89 3.175) (layer F.SilkS) (width 0.1524))
    (fp_line (start 8.89 3.175) (end 8.89 -3.175) (layer F.SilkS) (width 0.1524))
    (fp_line (start -8.89 -3.175) (end 8.89 -3.175) (layer F.SilkS) (width 0.1524))
    (fp_line (start 2.286 1.524) (end 2.286 1.016) (layer F.SilkS) (width 0.06604))
    (fp_line (start 2.286 1.016) (end 2.794 1.016) (layer F.SilkS) (width 0.06604))
    (fp_line (start 2.794 1.524) (end 2.794 1.016) (layer F.SilkS) (width 0.06604))
    (fp_line (start 2.286 1.524) (end 2.794 1.524) (layer F.SilkS) (width 0.06604))
    (fp_line (start 4.826 1.524) (end 4.826 1.016) (layer F.SilkS) (width 0.06604))
    (fp_line (start 4.826 1.016) (end 5.334 1.016) (layer F.SilkS) (width 0.06604))
    (fp_line (start 5.334 1.524) (end 5.334 1.016) (layer F.SilkS) (width 0.06604))
    (fp_line (start 4.826 1.524) (end 5.334 1.524) (layer F.SilkS) (width 0.06604))
    (fp_line (start -0.254 1.524) (end -0.254 1.016) (layer F.SilkS) (width 0.06604))
    (fp_line (start -0.254 1.016) (end 0.254 1.016) (layer F.SilkS) (width 0.06604))
    (fp_line (start 0.254 1.524) (end 0.254 1.016) (layer F.SilkS) (width 0.06604))
    (fp_line (start -0.254 1.524) (end 0.254 1.524) (layer F.SilkS) (width 0.06604))
    (fp_line (start -5.334 1.524) (end -5.334 1.016) (layer F.SilkS) (width 0.06604))
    (fp_line (start -5.334 1.016) (end -4.826 1.016) (layer F.SilkS) (width 0.06604))
    (fp_line (start -4.826 1.524) (end -4.826 1.016) (layer F.SilkS) (width 0.06604))
    (fp_line (start -5.334 1.524) (end -4.826 1.524) (layer F.SilkS) (width 0.06604))
    (fp_line (start -2.794 1.524) (end -2.794 1.016) (layer F.SilkS) (width 0.06604))
    (fp_line (start -2.794 1.016) (end -2.286 1.016) (layer F.SilkS) (width 0.06604))
    (fp_line (start -2.286 1.524) (end -2.286 1.016) (layer F.SilkS) (width 0.06604))
    (fp_line (start -2.794 1.524) (end -2.286 1.524) (layer F.SilkS) (width 0.06604))
    (fp_line (start 2.286 -1.016) (end 2.286 -1.524) (layer F.SilkS) (width 0.06604))
    (fp_line (start 2.286 -1.524) (end 2.794 -1.524) (layer F.SilkS) (width 0.06604))
    (fp_line (start 2.794 -1.016) (end 2.794 -1.524) (layer F.SilkS) (width 0.06604))
    (fp_line (start 2.286 -1.016) (end 2.794 -1.016) (layer F.SilkS) (width 0.06604))
    (fp_line (start 4.826 -1.016) (end 4.826 -1.524) (layer F.SilkS) (width 0.06604))
    (fp_line (start 4.826 -1.524) (end 5.334 -1.524) (layer F.SilkS) (width 0.06604))
    (fp_line (start 5.334 -1.016) (end 5.334 -1.524) (layer F.SilkS) (width 0.06604))
    (fp_line (start 4.826 -1.016) (end 5.334 -1.016) (layer F.SilkS) (width 0.06604))
    (fp_line (start -0.254 -1.016) (end -0.254 -1.524) (layer F.SilkS) (width 0.06604))
    (fp_line (start -0.254 -1.524) (end 0.254 -1.524) (layer F.SilkS) (width 0.06604))
    (fp_line (start 0.254 -1.016) (end 0.254 -1.524) (layer F.SilkS) (width 0.06604))
    (fp_line (start -0.254 -1.016) (end 0.254 -1.016) (layer F.SilkS) (width 0.06604))
    (fp_line (start -5.334 -1.016) (end -5.334 -1.524) (layer F.SilkS) (width 0.06604))
    (fp_line (start -5.334 -1.524) (end -4.826 -1.524) (layer F.SilkS) (width 0.06604))
    (fp_line (start -4.826 -1.016) (end -4.826 -1.524) (layer F.SilkS) (width 0.06604))
    (fp_line (start -5.334 -1.016) (end -4.826 -1.016) (layer F.SilkS) (width 0.06604))
    (fp_line (start -2.794 -1.016) (end -2.794 -1.524) (layer F.SilkS) (width 0.06604))
    (fp_line (start -2.794 -1.524) (end -2.286 -1.524) (layer F.SilkS) (width 0.06604))
    (fp_line (start -2.286 -1.016) (end -2.286 -1.524) (layer F.SilkS) (width 0.06604))
    (fp_line (start -2.794 -1.016) (end -2.286 -1.016) (layer F.SilkS) (width 0.06604))
    (fp_text user VALUE (at 3.2 -5.1) (layer F.SilkS)
      (effects (font (size 0.8 0.8) (thickness 0.1)))
    )
    (fp_text user 1 (at -6.985 1.27) (layer F.SilkS)
      (effects (font (size 1.27 1.27) (thickness 0.0889)))
    )
    (fp_text user 2 (at -6.985 -1.27) (layer F.SilkS)
      (effects (font (size 1.27 1.27) (thickness 0.0889)))
    )
    (pad 1 thru_hole circle (at -5.08 1.27 180) (size 1.4224 1.4224) (drill 0.9144) (layers *.Cu *.Mask F.Paste F.SilkS)
      (net 1 +3V3))
    (pad 2 thru_hole circle (at -5.08 -1.27 180) (size 1.4224 1.4224) (drill 0.9144) (layers *.Cu *.Mask F.Paste F.SilkS)
      (net 7 GPIO0))
    (pad 3 thru_hole circle (at -2.54 1.27 180) (size 1.4224 1.4224) (drill 0.9144) (layers *.Cu *.Mask F.Paste F.SilkS)
      (net 8 GPIO1))
    (pad 4 thru_hole circle (at -2.54 -1.27 180) (size 1.4224 1.4224) (drill 0.9144) (layers *.Cu *.Mask F.Paste F.SilkS)
      (net 9 GPIO2))
    (pad 5 thru_hole circle (at 0 1.27 180) (size 1.4224 1.4224) (drill 0.9144) (layers *.Cu *.Mask F.Paste F.SilkS)
      (net 10 GPIO3))
    (pad 6 thru_hole circle (at 0 -1.27 180) (size 1.4224 1.4224) (drill 0.9144) (layers *.Cu *.Mask F.Paste F.SilkS)
      (net 11 GPIO4))
    (pad 7 thru_hole circle (at 2.54 1.27 180) (size 1.4224 1.4224) (drill 0.9144) (layers *.Cu *.Mask F.Paste F.SilkS)
      (net 12 GPIO5))
    (pad 8 thru_hole circle (at 2.54 -1.27 180) (size 1.4224 1.4224) (drill 0.9144) (layers *.Cu *.Mask F.Paste F.SilkS)
      (net 13 GPIO6))
    (pad 9 thru_hole circle (at 5.08 1.27 180) (size 1.4224 1.4224) (drill 0.9144) (layers *.Cu *.Mask F.Paste F.SilkS))
    (pad 10 thru_hole circle (at 5.08 -1.27 180) (size 1.4224 1.4224) (drill 0.9144) (layers *.Cu *.Mask F.Paste F.SilkS)
      (net 2 GND))
  )

  (module cc_con-lst:con-ria-TYPE_182_169_8PIN (layer F.Cu) (tedit 5A2293B5) (tstamp 6222EE9B)
    (at 172 69 90)
    (path /6225E87C)
    (attr virtual)
    (fp_text reference J3 (at -0.75 -3 90) (layer F.SilkS)
      (effects (font (size 0.8 0.8) (thickness 0.1)))
    )
    (fp_text value Conn_01x08 (at -0.5 9.75 90) (layer F.SilkS) hide
      (effects (font (size 0.8 0.8) (thickness 0.1)))
    )
    (fp_line (start 26.25 -2.25) (end 26.25 9) (layer F.SilkS) (width 0.15))
    (fp_line (start 22.75 -2.25) (end 22.75 9) (layer F.SilkS) (width 0.15))
    (fp_line (start 19.25 -2.25) (end 19.25 9) (layer F.SilkS) (width 0.15))
    (fp_line (start 12.25 -2.25) (end 12.25 9) (layer F.SilkS) (width 0.15))
    (fp_line (start -0.49974 5.49968) (end 0.00064 5.99752) (layer F.SilkS) (width 0.3048))
    (fp_line (start -0.49974 5.49968) (end -0.99758 5.99752) (layer F.SilkS) (width 0.3048))
    (fp_line (start -0.49974 7.74758) (end -0.49974 5.49968) (layer F.SilkS) (width 0.3048))
    (fp_line (start -2.5 -2.25) (end 27 -2.25) (layer F.SilkS) (width 0.3048))
    (fp_line (start -2.5 9) (end -2.5 -2.25) (layer F.SilkS) (width 0.3048))
    (fp_line (start 27 9) (end 27 -2.25) (layer F.SilkS) (width 0.3048))
    (fp_line (start -2.5 9) (end 27 9) (layer F.SilkS) (width 0.3048))
    (fp_line (start 1.75 -2.25) (end 1.75 9) (layer F.SilkS) (width 0.15))
    (fp_line (start 5.25 -2.25) (end 5.25 9) (layer F.SilkS) (width 0.15))
    (fp_line (start 8.75 -2.25) (end 8.75 9) (layer F.SilkS) (width 0.15))
    (fp_line (start 15.75 -2.25) (end 15.75 9) (layer F.SilkS) (width 0.15))
    (fp_line (start -1.75 -2.25) (end -1.75 9) (layer F.SilkS) (width 0.15))
    (pad 1 thru_hole oval (at 0 0 90) (size 2.5 3.5) (drill 1.5) (layers *.Cu *.Mask F.Paste F.SilkS)
      (net 14 "Net-(J3-Pad1)"))
    (pad 2 thru_hole oval (at 3.49758 0 90) (size 2.5 3.5) (drill 1.5) (layers *.Cu *.Mask F.Paste F.SilkS)
      (net 15 "Net-(J3-Pad2)"))
    (pad 3 thru_hole oval (at 6.9977 0 90) (size 2.5 3.5) (drill 1.5) (layers *.Cu *.Mask F.Paste F.SilkS)
      (net 16 "Net-(J3-Pad3)"))
    (pad 4 thru_hole oval (at 10.49782 0 90) (size 2.5 3.5) (drill 1.5) (layers *.Cu *.Mask F.Paste F.SilkS)
      (net 17 "Net-(J3-Pad4)"))
    (pad 5 thru_hole oval (at 14 0 90) (size 2.5 3.5) (drill 1.5) (layers *.Cu *.Mask F.Paste F.SilkS)
      (net 18 "Net-(J3-Pad5)"))
    (pad 6 thru_hole oval (at 17.5 0 90) (size 2.5 3.5) (drill 1.5) (layers *.Cu *.Mask F.Paste F.SilkS)
      (net 19 "Net-(J3-Pad6)"))
    (pad 7 thru_hole oval (at 21 0 90) (size 2.5 3.5) (drill 1.5) (layers *.Cu *.Mask F.Paste F.SilkS))
    (pad 8 thru_hole oval (at 24.5 0 90) (size 2.5 3.5) (drill 1.5) (layers *.Cu *.Mask F.Paste F.SilkS))
  )

  (module Resistor_SMD:R_0603_1608Metric_Pad1.05x0.95mm_HandSolder (layer F.Cu) (tedit 5B301BBD) (tstamp 6222EEAC)
    (at 133.4 47.6 270)
    (descr "Resistor SMD 0603 (1608 Metric), square (rectangular) end terminal, IPC_7351 nominal with elongated pad for handsoldering. (Body size source: http://www.tortai-tech.com/upload/download/2011102023233369053.pdf), generated with kicad-footprint-generator")
    (tags "resistor handsolder")
    (path /6223FF6B)
    (attr smd)
    (fp_text reference R1 (at -0.6 1.4 90) (layer F.SilkS)
      (effects (font (size 1 1) (thickness 0.15)))
    )
    (fp_text value R (at 0 1.43 90) (layer F.Fab)
      (effects (font (size 1 1) (thickness 0.15)))
    )
    (fp_text user %R (at 0 0 90) (layer F.Fab)
      (effects (font (size 0.4 0.4) (thickness 0.06)))
    )
    (fp_line (start -0.8 0.4) (end -0.8 -0.4) (layer F.Fab) (width 0.1))
    (fp_line (start -0.8 -0.4) (end 0.8 -0.4) (layer F.Fab) (width 0.1))
    (fp_line (start 0.8 -0.4) (end 0.8 0.4) (layer F.Fab) (width 0.1))
    (fp_line (start 0.8 0.4) (end -0.8 0.4) (layer F.Fab) (width 0.1))
    (fp_line (start -0.171267 -0.51) (end 0.171267 -0.51) (layer F.SilkS) (width 0.12))
    (fp_line (start -0.171267 0.51) (end 0.171267 0.51) (layer F.SilkS) (width 0.12))
    (fp_line (start -1.65 0.73) (end -1.65 -0.73) (layer F.CrtYd) (width 0.05))
    (fp_line (start -1.65 -0.73) (end 1.65 -0.73) (layer F.CrtYd) (width 0.05))
    (fp_line (start 1.65 -0.73) (end 1.65 0.73) (layer F.CrtYd) (width 0.05))
    (fp_line (start 1.65 0.73) (end -1.65 0.73) (layer F.CrtYd) (width 0.05))
    (pad 2 smd roundrect (at 0.875 0 270) (size 1.05 0.95) (layers F.Cu F.Paste F.Mask) (roundrect_rratio 0.25)
      (net 3 /PD0))
    (pad 1 smd roundrect (at -0.875 0 270) (size 1.05 0.95) (layers F.Cu F.Paste F.Mask) (roundrect_rratio 0.25)
      (net 20 "Net-(R1-Pad1)"))
    (model ${KISYS3DMOD}/Resistor_SMD.3dshapes/R_0603_1608Metric.wrl
      (at (xyz 0 0 0))
      (scale (xyz 1 1 1))
      (rotate (xyz 0 0 0))
    )
  )

  (module Resistor_SMD:R_0603_1608Metric_Pad1.05x0.95mm_HandSolder (layer F.Cu) (tedit 5B301BBD) (tstamp 6222FFF6)
    (at 133.4 53.6 270)
    (descr "Resistor SMD 0603 (1608 Metric), square (rectangular) end terminal, IPC_7351 nominal with elongated pad for handsoldering. (Body size source: http://www.tortai-tech.com/upload/download/2011102023233369053.pdf), generated with kicad-footprint-generator")
    (tags "resistor handsolder")
    (path /62241FFE)
    (attr smd)
    (fp_text reference R2 (at -0.6 1.4 90) (layer F.SilkS)
      (effects (font (size 1 1) (thickness 0.15)))
    )
    (fp_text value R (at 0 1.43 90) (layer F.Fab)
      (effects (font (size 1 1) (thickness 0.15)))
    )
    (fp_line (start 1.65 0.73) (end -1.65 0.73) (layer F.CrtYd) (width 0.05))
    (fp_line (start 1.65 -0.73) (end 1.65 0.73) (layer F.CrtYd) (width 0.05))
    (fp_line (start -1.65 -0.73) (end 1.65 -0.73) (layer F.CrtYd) (width 0.05))
    (fp_line (start -1.65 0.73) (end -1.65 -0.73) (layer F.CrtYd) (width 0.05))
    (fp_line (start -0.171267 0.51) (end 0.171267 0.51) (layer F.SilkS) (width 0.12))
    (fp_line (start -0.171267 -0.51) (end 0.171267 -0.51) (layer F.SilkS) (width 0.12))
    (fp_line (start 0.8 0.4) (end -0.8 0.4) (layer F.Fab) (width 0.1))
    (fp_line (start 0.8 -0.4) (end 0.8 0.4) (layer F.Fab) (width 0.1))
    (fp_line (start -0.8 -0.4) (end 0.8 -0.4) (layer F.Fab) (width 0.1))
    (fp_line (start -0.8 0.4) (end -0.8 -0.4) (layer F.Fab) (width 0.1))
    (fp_text user %R (at 0 0 90) (layer F.Fab)
      (effects (font (size 0.4 0.4) (thickness 0.06)))
    )
    (pad 1 smd roundrect (at -0.875 0 270) (size 1.05 0.95) (layers F.Cu F.Paste F.Mask) (roundrect_rratio 0.25)
      (net 21 "Net-(R2-Pad1)"))
    (pad 2 smd roundrect (at 0.875 0 270) (size 1.05 0.95) (layers F.Cu F.Paste F.Mask) (roundrect_rratio 0.25)
      (net 4 /PD1))
    (model ${KISYS3DMOD}/Resistor_SMD.3dshapes/R_0603_1608Metric.wrl
      (at (xyz 0 0 0))
      (scale (xyz 1 1 1))
      (rotate (xyz 0 0 0))
    )
  )

  (module Resistor_SMD:R_0603_1608Metric_Pad1.05x0.95mm_HandSolder (layer F.Cu) (tedit 5B301BBD) (tstamp 6222EECE)
    (at 133.4 60.6 270)
    (descr "Resistor SMD 0603 (1608 Metric), square (rectangular) end terminal, IPC_7351 nominal with elongated pad for handsoldering. (Body size source: http://www.tortai-tech.com/upload/download/2011102023233369053.pdf), generated with kicad-footprint-generator")
    (tags "resistor handsolder")
    (path /6229218C)
    (attr smd)
    (fp_text reference R3 (at -0.6 1.4 90) (layer F.SilkS)
      (effects (font (size 1 1) (thickness 0.15)))
    )
    (fp_text value R (at 0 1.43 90) (layer F.Fab)
      (effects (font (size 1 1) (thickness 0.15)))
    )
    (fp_text user %R (at 0 0 90) (layer F.Fab)
      (effects (font (size 0.4 0.4) (thickness 0.06)))
    )
    (fp_line (start -0.8 0.4) (end -0.8 -0.4) (layer F.Fab) (width 0.1))
    (fp_line (start -0.8 -0.4) (end 0.8 -0.4) (layer F.Fab) (width 0.1))
    (fp_line (start 0.8 -0.4) (end 0.8 0.4) (layer F.Fab) (width 0.1))
    (fp_line (start 0.8 0.4) (end -0.8 0.4) (layer F.Fab) (width 0.1))
    (fp_line (start -0.171267 -0.51) (end 0.171267 -0.51) (layer F.SilkS) (width 0.12))
    (fp_line (start -0.171267 0.51) (end 0.171267 0.51) (layer F.SilkS) (width 0.12))
    (fp_line (start -1.65 0.73) (end -1.65 -0.73) (layer F.CrtYd) (width 0.05))
    (fp_line (start -1.65 -0.73) (end 1.65 -0.73) (layer F.CrtYd) (width 0.05))
    (fp_line (start 1.65 -0.73) (end 1.65 0.73) (layer F.CrtYd) (width 0.05))
    (fp_line (start 1.65 0.73) (end -1.65 0.73) (layer F.CrtYd) (width 0.05))
    (pad 2 smd roundrect (at 0.875 0 270) (size 1.05 0.95) (layers F.Cu F.Paste F.Mask) (roundrect_rratio 0.25)
      (net 5 /PD2))
    (pad 1 smd roundrect (at -0.875 0 270) (size 1.05 0.95) (layers F.Cu F.Paste F.Mask) (roundrect_rratio 0.25)
      (net 22 "Net-(R3-Pad1)"))
    (model ${KISYS3DMOD}/Resistor_SMD.3dshapes/R_0603_1608Metric.wrl
      (at (xyz 0 0 0))
      (scale (xyz 1 1 1))
      (rotate (xyz 0 0 0))
    )
  )

  (module Resistor_SMD:R_0603_1608Metric_Pad1.05x0.95mm_HandSolder (layer F.Cu) (tedit 5B301BBD) (tstamp 6222EEDF)
    (at 133.4 67.6 270)
    (descr "Resistor SMD 0603 (1608 Metric), square (rectangular) end terminal, IPC_7351 nominal with elongated pad for handsoldering. (Body size source: http://www.tortai-tech.com/upload/download/2011102023233369053.pdf), generated with kicad-footprint-generator")
    (tags "resistor handsolder")
    (path /62292192)
    (attr smd)
    (fp_text reference R4 (at -0.6 1.4 90) (layer F.SilkS)
      (effects (font (size 1 1) (thickness 0.15)))
    )
    (fp_text value R (at 0 1.43 90) (layer F.Fab)
      (effects (font (size 1 1) (thickness 0.15)))
    )
    (fp_text user %R (at 0 0 90) (layer F.Fab)
      (effects (font (size 0.4 0.4) (thickness 0.06)))
    )
    (fp_line (start -0.8 0.4) (end -0.8 -0.4) (layer F.Fab) (width 0.1))
    (fp_line (start -0.8 -0.4) (end 0.8 -0.4) (layer F.Fab) (width 0.1))
    (fp_line (start 0.8 -0.4) (end 0.8 0.4) (layer F.Fab) (width 0.1))
    (fp_line (start 0.8 0.4) (end -0.8 0.4) (layer F.Fab) (width 0.1))
    (fp_line (start -0.171267 -0.51) (end 0.171267 -0.51) (layer F.SilkS) (width 0.12))
    (fp_line (start -0.171267 0.51) (end 0.171267 0.51) (layer F.SilkS) (width 0.12))
    (fp_line (start -1.65 0.73) (end -1.65 -0.73) (layer F.CrtYd) (width 0.05))
    (fp_line (start -1.65 -0.73) (end 1.65 -0.73) (layer F.CrtYd) (width 0.05))
    (fp_line (start 1.65 -0.73) (end 1.65 0.73) (layer F.CrtYd) (width 0.05))
    (fp_line (start 1.65 0.73) (end -1.65 0.73) (layer F.CrtYd) (width 0.05))
    (pad 2 smd roundrect (at 0.875 0 270) (size 1.05 0.95) (layers F.Cu F.Paste F.Mask) (roundrect_rratio 0.25)
      (net 6 /PD3))
    (pad 1 smd roundrect (at -0.875 0 270) (size 1.05 0.95) (layers F.Cu F.Paste F.Mask) (roundrect_rratio 0.25)
      (net 23 "Net-(R4-Pad1)"))
    (model ${KISYS3DMOD}/Resistor_SMD.3dshapes/R_0603_1608Metric.wrl
      (at (xyz 0 0 0))
      (scale (xyz 1 1 1))
      (rotate (xyz 0 0 0))
    )
  )

  (module Resistor_SMD:R_0603_1608Metric_Pad1.05x0.95mm_HandSolder (layer F.Cu) (tedit 5B301BBD) (tstamp 6222EEF0)
    (at 154 64.8 90)
    (descr "Resistor SMD 0603 (1608 Metric), square (rectangular) end terminal, IPC_7351 nominal with elongated pad for handsoldering. (Body size source: http://www.tortai-tech.com/upload/download/2011102023233369053.pdf), generated with kicad-footprint-generator")
    (tags "resistor handsolder")
    (path /62252188)
    (attr smd)
    (fp_text reference R5 (at 0 -1.43 90) (layer F.SilkS)
      (effects (font (size 1 1) (thickness 0.15)))
    )
    (fp_text value R (at 0 1.43 90) (layer F.Fab)
      (effects (font (size 1 1) (thickness 0.15)))
    )
    (fp_line (start 1.65 0.73) (end -1.65 0.73) (layer F.CrtYd) (width 0.05))
    (fp_line (start 1.65 -0.73) (end 1.65 0.73) (layer F.CrtYd) (width 0.05))
    (fp_line (start -1.65 -0.73) (end 1.65 -0.73) (layer F.CrtYd) (width 0.05))
    (fp_line (start -1.65 0.73) (end -1.65 -0.73) (layer F.CrtYd) (width 0.05))
    (fp_line (start -0.171267 0.51) (end 0.171267 0.51) (layer F.SilkS) (width 0.12))
    (fp_line (start -0.171267 -0.51) (end 0.171267 -0.51) (layer F.SilkS) (width 0.12))
    (fp_line (start 0.8 0.4) (end -0.8 0.4) (layer F.Fab) (width 0.1))
    (fp_line (start 0.8 -0.4) (end 0.8 0.4) (layer F.Fab) (width 0.1))
    (fp_line (start -0.8 -0.4) (end 0.8 -0.4) (layer F.Fab) (width 0.1))
    (fp_line (start -0.8 0.4) (end -0.8 -0.4) (layer F.Fab) (width 0.1))
    (fp_text user %R (at 0 0 90) (layer F.Fab)
      (effects (font (size 0.4 0.4) (thickness 0.06)))
    )
    (pad 1 smd roundrect (at -0.875 0 90) (size 1.05 0.95) (layers F.Cu F.Paste F.Mask) (roundrect_rratio 0.25)
      (net 24 "Net-(R5-Pad1)"))
    (pad 2 smd roundrect (at 0.875 0 90) (size 1.05 0.95) (layers F.Cu F.Paste F.Mask) (roundrect_rratio 0.25)
      (net 7 GPIO0))
    (model ${KISYS3DMOD}/Resistor_SMD.3dshapes/R_0603_1608Metric.wrl
      (at (xyz 0 0 0))
      (scale (xyz 1 1 1))
      (rotate (xyz 0 0 0))
    )
  )

  (module Resistor_SMD:R_0603_1608Metric_Pad1.05x0.95mm_HandSolder (layer F.Cu) (tedit 5B301BBD) (tstamp 6222EF01)
    (at 153.8 57.8 90)
    (descr "Resistor SMD 0603 (1608 Metric), square (rectangular) end terminal, IPC_7351 nominal with elongated pad for handsoldering. (Body size source: http://www.tortai-tech.com/upload/download/2011102023233369053.pdf), generated with kicad-footprint-generator")
    (tags "resistor handsolder")
    (path /622627BD)
    (attr smd)
    (fp_text reference R6 (at 0 -1.43 90) (layer F.SilkS)
      (effects (font (size 1 1) (thickness 0.15)))
    )
    (fp_text value R (at 0 1.43 90) (layer F.Fab)
      (effects (font (size 1 1) (thickness 0.15)))
    )
    (fp_line (start 1.65 0.73) (end -1.65 0.73) (layer F.CrtYd) (width 0.05))
    (fp_line (start 1.65 -0.73) (end 1.65 0.73) (layer F.CrtYd) (width 0.05))
    (fp_line (start -1.65 -0.73) (end 1.65 -0.73) (layer F.CrtYd) (width 0.05))
    (fp_line (start -1.65 0.73) (end -1.65 -0.73) (layer F.CrtYd) (width 0.05))
    (fp_line (start -0.171267 0.51) (end 0.171267 0.51) (layer F.SilkS) (width 0.12))
    (fp_line (start -0.171267 -0.51) (end 0.171267 -0.51) (layer F.SilkS) (width 0.12))
    (fp_line (start 0.8 0.4) (end -0.8 0.4) (layer F.Fab) (width 0.1))
    (fp_line (start 0.8 -0.4) (end 0.8 0.4) (layer F.Fab) (width 0.1))
    (fp_line (start -0.8 -0.4) (end 0.8 -0.4) (layer F.Fab) (width 0.1))
    (fp_line (start -0.8 0.4) (end -0.8 -0.4) (layer F.Fab) (width 0.1))
    (fp_text user %R (at 0 0 90) (layer F.Fab)
      (effects (font (size 0.4 0.4) (thickness 0.06)))
    )
    (pad 1 smd roundrect (at -0.875 0 90) (size 1.05 0.95) (layers F.Cu F.Paste F.Mask) (roundrect_rratio 0.25)
      (net 25 "Net-(R6-Pad1)"))
    (pad 2 smd roundrect (at 0.875 0 90) (size 1.05 0.95) (layers F.Cu F.Paste F.Mask) (roundrect_rratio 0.25)
      (net 8 GPIO1))
    (model ${KISYS3DMOD}/Resistor_SMD.3dshapes/R_0603_1608Metric.wrl
      (at (xyz 0 0 0))
      (scale (xyz 1 1 1))
      (rotate (xyz 0 0 0))
    )
  )

  (module Resistor_SMD:R_0603_1608Metric_Pad1.05x0.95mm_HandSolder (layer F.Cu) (tedit 5B301BBD) (tstamp 6222EF12)
    (at 153.9 50.9 90)
    (descr "Resistor SMD 0603 (1608 Metric), square (rectangular) end terminal, IPC_7351 nominal with elongated pad for handsoldering. (Body size source: http://www.tortai-tech.com/upload/download/2011102023233369053.pdf), generated with kicad-footprint-generator")
    (tags "resistor handsolder")
